%YAML:1.0
---
R: !!opencv-matrix
   rows: 3
   cols: 3
   dt: d
   data: [ 9.9978706418871233e-01, 8.8846172837648315e-04,
       2.0616423469475596e-02, -7.6255930594934995e-04,
       9.9998101883404289e-01, -6.1139573873562978e-03,
       -2.0621464162867875e-02, 6.0969342613077984e-03,
       9.9976876456928421e-01 ]
T: !!opencv-matrix
   rows: 3
   cols: 1
   dt: d
   data: [ -4.1656750127000715e+00, -1.4053223700868882e-02,
       1.9027016007785891e-01 ]
R1: !!opencv-matrix
   rows: 3
   cols: 3
   dt: d
   data: [ 9.9967845243670583e-01, 3.9793210595701510e-03,
       -2.5043097605084282e-02, -4.0564065229089369e-03,
       9.9998718811325837e-01, -3.0280646392948554e-03,
       2.5030727114365218e-02, 3.1286759569676991e-03,
       9.9968178641349781e-01 ]
R2: !!opencv-matrix
   rows: 3
   cols: 3
   dt: d
   data: [ 9.9895282146366216e-01, 3.3700438521590309e-03,
       -4.5627878476029858e-02, -3.2295202860864194e-03,
       9.9998981389919939e-01, 3.1531407463540623e-03,
       4.5638039928447623e-02, -3.0024826858930059e-03,
       9.9895352965451312e-01 ]
P1: !!opencv-matrix
   rows: 3
   cols: 4
   dt: d
   data: [ 4.2183920790403334e+02, 0., 1.8415335464477539e+02, 0., 0.,
       4.2183920790403334e+02, 1.2430553531646729e+02, 0., 0., 0., 1.,
       0. ]
P2: !!opencv-matrix
   rows: 3
   cols: 4
   dt: d
   data: [ 4.2183920790403334e+02, 0., 1.8415335464477539e+02,
       -1.7590871260249439e+03, 0., 4.2183920790403334e+02,
       1.2430553531646729e+02, 0., 0., 0., 1., 0. ]
Q: !!opencv-matrix
   rows: 4
   cols: 4
   dt: d
   data: [ 1., 0., 0., -1.8415335464477539e+02, 0., 1., 0.,
       -1.2430553531646729e+02, 0., 0., 0., 4.2183920790403334e+02, 0.,
       0., 2.3980575018889180e-01, 0. ]
