%YAML:1.0
---
M1: !!opencv-matrix
   rows: 3
   cols: 3
   dt: d
   data: [ 4.4977947123132139e+02, 0., 1.7005666819329241e+02, 0.,
       4.5121226595937986e+02, 1.2750053449293445e+02, 0., 0., 1. ]
D1: !!opencv-matrix
   rows: 1
   cols: 14
   dt: d
   data: [ 4.9431704431934909e-01, -5.7226000540905773e+00, 0., 0., 0.,
       0., 0., -2.3210663582153199e+01, 0., 0., 0., 0., 0., 0. ]
M2: !!opencv-matrix
   rows: 3
   cols: 3
   dt: d
   data: [ 4.4977947123132139e+02, 0., 1.6443011110429993e+02, 0.,
       4.5121226595937986e+02, 1.2214802299509071e+02, 0., 0., 1. ]
D2: !!opencv-matrix
   rows: 1
   cols: 14
   dt: d
   data: [ -1.2705750349085046e-01, 4.4373638545398357e+00, 0., 0., 0.,
       0., 0., 2.0230264809320854e+01, 0., 0., 0., 0., 0., 0. ]
